day,sum_fees,difficulty,count_tx
2016-02-08,84.46512,43703.04758129,1705
2016-02-09,426.94270000000006,146602.11941975,8580
2016-02-10,235.42523003,240031.21494404,4052
2016-02-11,369.59019,171029.90389951668,6668
2016-02-12,203.5009,142131.09729552,3854
2016-02-13,64.88114999999999,212038.26295336665,1304
2016-02-14,97.94890000000001,220040.91710411335,1687
2016-02-15,100.93960000000001,177069.39866459998,1848
2016-02-16,109.72655,162262.8864361875,1957
2016-02-17,75.7706,242824.97480692668,1451
2016-02-18,62.33965,276570.3527454567,1236
2016-02-19,50.295950000000005,250798.21944575664,970
2016-02-20,110.62190000000001,222239.80830872667,5184
2016-02-21,151.2717,247275.85383949336,2977
2016-02-22,184.43445001999999,254178.44552006,3334
2016-02-23,281.46610007,211113.02611171664,5544
2016-02-24,301.89140415,245635.32313308332,5959
2016-02-25,156.23195123000002,301145.32999812666,2806
2016-02-26,107.53430026999999,303633.46504249336,2095
2016-02-27,78.02550052,267377.96382552997,1471
2016-02-28,120.85219667000001,255304.60989403,2390
2016-02-29,112.10443075,263173.60774774,2639
2016-03-01,119.92925101,267424.7468738533,2670
2016-03-02,67.35760094,269107.00075368,1265
2016-03-03,144.8232021,265781.44644737337,3152
2016-03-04,47.45740105,268516.3849797167,1311
2016-03-05,136.87705247,257314.30680234334,2647
2016-03-06,104.28184725,256239.9539668133,2423
2016-03-07,90.68955185,265231.40322748333,2199
2016-03-08,99.99215165999999,270637.5007530467,2661
2016-03-09,55.064051899999995,256810.86589260667,1670
2016-03-10,97.99185188,260073.87025722,2845
2016-03-11,40.72271849,306803.14873626665,1121
2016-03-12,103.24930318,296437.4404095733,2843
2016-03-13,67.95180203,276021.3805522267,1673
2016-03-14,76.88260334,259704.19145108666,2124
2016-03-15,93.90068897,271813.0804882967,2959
2016-03-16,63.74623031,287338.8633587433,1784
2016-03-17,57.13187698,262189.2175649767,1976
2016-03-18,48.59325502,267549.15338773,2066
2016-03-19,114.13471883,315224.3127958667,2979
2016-03-20,38.51825782,334927.83673277,1733
2016-03-21,70.66059935,305399.1310985233,2136
2016-03-22,58.818979309999996,272497.8662240534,2107
2016-03-23,86.73066605,292755.3545567433,3058
2016-03-24,41.60321768,316177.72517124,1371
2016-03-25,102.75706699,291377.9551922333,2464
2016-03-26,86.81211739,288187.24399881664,2905
2016-03-27,144.5371644,318752.79441470664,1491
2016-03-28,109.06655457,338087.3413995367,2755
2016-03-29,54.82602775,330032.21313934,1803
2016-03-30,54.53398464,326988.59115707665,1886
2016-03-31,99.5632364,352425.24548644666,2831
2016-04-01,97.65251846,338889.7411721533,1653
2016-04-02,78.79003460999999,347643.0026477067,2503
2016-04-03,98.92028493999999,370770.50871277996,2864
2016-04-04,50.16976104,366362.73744947667,2095
2016-04-05,28.032716889999996,368052.9656637767,1472
2016-04-06,59.22208301,356969.91603589663,1936
2016-04-07,85.82810891000001,325158.9700675933,2797
2016-04-08,118.20694452,365177.00298473664,3013
2016-04-09,50.93497199,377121.35415214003,1660
2016-04-10,109.38845898,346378.34676783666,2999
2016-04-11,60.65559349,335912.69498289336,2391
2016-04-12,35.5358241,329796.06433247,1307
2016-04-13,157.13190663,343405.56145360664,4195
2016-04-14,22.638132400000003,348056.5141437767,1719
2016-04-15,27.06550052,379032.27544420003,1641
2016-04-16,128.27151061,396884.9307348767,4047
2016-04-17,16.78844775,380064.99699226,1123
2016-04-18,115.43111289000001,335783.2289020033,2994
2016-04-19,99.29847838,335141.02397050004,3142
2016-04-20,25.92024498,376281.0407203633,1276
2016-04-21,191.10955345000002,393275.20547637,8357
2016-04-22,22.58262307,378325.8689220133,1732
2016-04-23,182.99745882,409803.81848753337,8059
2016-04-24,28.01039965,462002.66884829005,1999
2016-04-25,26.022169039999998,486677.0338492966,1869
2016-04-26,73.78353255,478495.38105531334,5881
2016-04-27,14.97192644,512024.03886596666,1358
2016-04-28,33.32934908,532883.78318775,2306
2016-04-29,26.224933659999998,504746.2228857175,2634
2016-04-30,30.55647664,558890.8209240199,3214
2016-05-01,22.30053245,575632.98184723,1952
2016-05-02,39.49471381000001,598813.0653193532,3301
2016-05-03,67.86524907,610691.56890566,4784
2016-05-04,17.6399443,592948.4956033225,1652
2016-05-05,52.03911167999999,597217.1176536634,4198
2016-05-06,16.24319915,577870.3933425001,1332
2016-05-07,165.46122057,564412.7354127575,8327
2016-05-08,22.833351590000003,628056.3989815734,1809
2016-05-09,24.19996337,607013.2658896333,1963
2016-05-10,172.23879506,578186.145204965,6059
2016-05-11,12.605454340000001,519686.41256818996,1377
2016-05-12,46.10245944,522562.654304215,4228
2016-05-13,28.12231251,592994.987279605,1900
2016-05-14,126.68690457,583067.1297753251,5758
2016-05-15,17.87389095,662219.2010844167,2017
2016-05-16,39.92367403,645561.2632391633,3275
2016-05-17,195.63555902,624174.1958380167,6969
2016-05-18,19.20138579,674953.6184776634,1530
2016-05-19,47.078772470000004,686854.9341423167,4617
2016-05-20,16.59188974,689049.70742963,1472
2016-05-21,71.51798103,655498.6450749467,5729
2016-05-22,11.33125538,686688.5081379734,1552
2016-05-23,190.89491182,717483.9359690001,6635
2016-05-24,10.2735293,704918.5546196466,1486
2016-05-25,80.76984141999999,691030.8660539367,5757
2016-05-26,12.986563069999999,647543.15848975,1505
2016-05-27,28.49752874,664465.33682549,3244
2016-05-28,24.956782670000003,789862.5490884766,2660
2016-05-29,32.697211620000004,792739.70512664,2466
2016-05-30,168.06497811,696340.901560185,5769
2016-05-31,15.2109023,677287.066438755,1977
2016-06-01,172.49782241,820831.54202936,6273
2016-06-02,7.68422296,805934.812578015,1033
2016-06-03,45.80314139000001,741955.9018099525,3708
2016-06-04,29.50938064,880890.41206758,3962
2016-06-05,16.23694219,900378.4633862666,2285
2016-06-06,30.37348105,761955.24718218,3513
2016-06-07,16.122290980000002,754755.5646611933,2733
2016-06-08,32.27766171,787797.0728718933,3722
2016-06-09,16.8124674,773634.6617619051,2557
2016-06-10,313.72096951000003,715485.1278996001,6503
2016-06-11,6.61982735,788479.56283125,1274
2016-06-12,31.95021809,829495.9780513634,3778
2016-06-13,88.73109170000001,819014.84005393,4409
2016-06-14,10.779353969999999,829299.8182054199,1782
2016-06-15,208.21477476,804876.08886337,6275
2016-06-16,44.59099099,666213.7071322667,2137
2016-06-17,32.93319055,592881.0912043275,4015
2016-06-18,41.97433272,781162.1498206867,3068
2016-06-19,53.80589749000001,805699.5125362934,3323
2016-06-20,10.45859771,782858.96248776,1909
2016-06-21,75.10037424000001,741147.7111933175,4210
2016-06-22,136.61135905999998,720573.77005892,5976
2016-06-23,13.86361604,755947.0738605475,1544
2016-06-24,32.97181194,815414.81407466,2986
2016-06-25,15.09371787,751060.2785824733,2135
2016-06-26,67.01879125,722733.5672462174,4633
2016-06-27,125.34716836,771843.3081706633,3734
2016-06-28,12.110633870000001,747199.5121457833,1761
2016-06-29,69.48592794,797742.1785037533,3962
2016-06-30,81.30858943,855583.63196407,5333
2016-07-01,21.47017066,775365.1517329332,1637
2016-07-02,72.21389629,742070.5360005025,6162
2016-07-03,15.74965816,832005.44718424,1587
2016-07-04,42.896369709999995,842173.1410051432,3575
2016-07-05,36.73385944,849647.9236340601,3201
2016-07-06,32.22546228,832461.4245584967,3367
2016-07-07,33.303099440000004,891082.0434644399,3807
2016-07-08,23.434835990000003,924099.8731120733,2489
2016-07-09,32.67648785,831370.1151936101,3969
2016-07-10,99.51555649000001,841605.2675376767,6238
2016-07-11,9.104589879999999,920278.7087710332,1586
2016-07-12,69.95569653000001,864837.7973532332,5122
2016-07-13,10.305840700000001,762822.270675695,1386
2016-07-14,42.31311455,662340.7361511333,3861
2016-07-15,33.29258834,732640.2510149233,3336
2016-07-16,26.44017954,782485.1495683,3621
2016-07-17,50.960059730000005,814694.3182287602,4231
2016-07-18,22.09392422,831393.7798237251,1907
2016-07-19,185.52804867000003,808093.91777685,6196
2016-07-20,20.01649977,793906.92165482,2526
2016-07-21,22.068643259999998,803595.715125505,3296
2016-07-22,43.93065165,767160.8876467533,4115
2016-07-23,12.19169348,751473.7969102875,2035
2016-07-24,29.354989500000002,836965.5307394867,3143
2016-07-25,29.27695069,847874.32207906,2943
2016-07-26,185.90836929000002,700419.2526729368,5107
2016-07-27,83.56165608,586413.1984237067,3338
2016-07-28,161.02782976999998,628241.83739688,6173
2016-07-29,13.406242469999999,661339.5334625267,1900
2016-07-30,62.97628871,680941.40903906,5658
2016-07-31,22.855041,770821.5433578867,1670
2016-08-01,87.03240774999999,781318.8545050933,5193
2016-08-02,23.66060268,716375.3378981566,2030
2016-08-03,29.85123976,704798.09077655,3331
2016-08-04,11.738317219999999,703555.3893089566,1595
2016-08-05,209.44522005000002,654970.0696659633,6631
2016-08-06,8.82656413,650405.1328320767,1506
2016-08-07,25.51064614,702384.00691406,3145
2016-08-08,18.66425774,705003.5921769167,2656
2016-08-09,28.55157432,687321.4305710533,3043
2016-08-10,20.78707231,714942.46807259,2796
2016-08-11,29.64406338,756852.34501021,3043
2016-08-12,20.11695752,718510.3625887833,2629
2016-08-13,42.56224864000001,716228.8040707334,4532
2016-08-14,72.35298107999999,842474.3319688474,5881
2016-08-15,5.7764079,932014.58268061,1046
2016-08-16,32.9666518,881788.22327679,3366
2016-08-17,21.990588889999998,951136.255018625,2377
2016-08-18,27.120378770000002,933549.02780508,3545
2016-08-19,23.415794490000003,997643.0418361834,2958
2016-08-20,38.29153657,964159.9943919401,4076
2016-08-21,51.668007880000005,947137.22907013,3192
2016-08-22,120.75022661,1024784.3900271249,4756
2016-08-23,6.939814800000001,885360.25329663,1220
2016-08-24,80.76463967000001,799184.6485975526,5881
2016-08-25,26.78356351,973184.9613834101,2247
2016-08-26,117.46099529,975492.13049761,5026
2016-08-27,29.41732296,925727.9588469149,2703
2016-08-28,24.23093693,1062914.79318397,2984
2016-08-29,43.312904790000005,1024636.2463469501,4371
2016-08-30,14.88594651,874598.0248708032,1485
2016-08-31,37.43072396,834615.69070907,3471
2016-09-01,21.698118389999998,966435.8771296925,2802
2016-09-02,24.857083879999998,986523.09132144,2726
2016-09-03,18.45167546,898775.3695330899,3033
2016-09-04,44.09406663,969300.6765354176,4862
2016-09-05,8.60080986,1134806.335529045,1129
2016-09-06,47.552550520000004,1045211.4111879598,4530
2016-09-07,13.21289213,880773.61903509,2441
2016-09-08,51.69703807,895889.40379441,5796
2016-09-09,10.32462984,878817.6139790866,1877
2016-09-10,305.24192145,937124.0264957634,7120
2016-09-11,80.01023452,985217.8913091425,3062
2016-09-12,32.67629673,1080563.1106483298,2764
2016-09-13,48.890503159999994,985460.97668563,4590
2016-09-14,8.479225240000002,955941.0124800801,1449
2016-09-15,35.68698183,903382.8042130299,3132
2016-09-16,13.46351481,860499.8355922266,2061
2016-09-17,29.60714172,859161.0840781067,3983
2016-09-18,169.95850313,966063.5346902733,6798
2016-09-19,9.8348694,1034508.1856970167,1307
2016-09-20,51.95421508,971326.3864224433,4745
2016-09-21,19.42407496,878627.32377007,2508
2016-09-22,13.41352675,898394.7999621966,2220
2016-09-23,113.32692030999999,979945.5963349165,6753
2016-09-24,6.78474862,1002851.1066149235,1273
2016-09-25,61.0088359,930649.1135982368,4490
2016-09-26,18.43715087,893450.12425045,1843
2016-09-27,478.85633986,914745.74489335,8950
2016-09-28,112.60963912,913383.21586436,2255
2016-09-29,206.67105551,879361.9671266499,7420
2016-09-30,45.47059693,939014.6024429034,1730
2016-10-01,21.80327015,990415.9341959567,3358
2016-10-02,8.36645995,964445.1605308732,1520
2016-10-03,148.62399759,932163.2937357266,6571
2016-10-04,7.25586823,885807.7968376101,1156
2016-10-05,53.66661617,851808.16177034,3512
2016-10-06,22.379746169999997,860430.6879300134,2052
2016-10-07,528.66563228,939749.0316990433,8336
2016-10-08,6.0545305,903772.05163685,1340
2016-10-09,747.43086644,978808.8749151733,9508
2016-10-10,10.6250524,955447.8719824435,1785
2016-10-11,33.09629169,919196.9337034468,4301
2016-10-12,10.03431907,919515.2219947567,1249
2016-10-13,384.3268906,979026.5139978966,7131
2016-10-14,5.2742909000000004,933078.1350332,1057
2016-10-15,45.47652022,933632.8271705867,3092
2016-10-16,41.60009594,955764.4443287867,3611
2016-10-17,732.98550239,991769.8774057599,6974
2016-10-18,183.21141274000001,970263.7514501935,2257
2016-10-19,105.85747487,1046122.5685208834,3864
2016-10-20,7.78762297,1094794.54494651,1295
2016-10-21,166.54452342000002,1023867.2548788501,6258
2016-10-22,6.34719082,1077365.7482075468,1298
2016-10-23,45.5383354,1066794.5018123433,3278
2016-10-24,913.25999516,982459.2513546133,7300
2016-10-25,198.84747149,967909.1183113301,2398
2016-10-26,84.32332948,975750.8480794766,5169
2016-10-27,6.4746054,1147378.085760945,971
2016-10-28,244.18429551000003,1091743.5726188899,5524
2016-10-29,67.94695809,1004509.9895813433,2298
2016-10-30,12.437144179999999,970554.6981057267,2036
2016-10-31,68.89815687,917167.2858383934,3677
2016-11-01,45.63128274,882624.0040807966,2628
2016-11-02,27.018485939999998,845483.6217041799,2253
2016-11-03,43.50069963000001,822445.4475894667,3477
2016-11-04,9.36679047,757014.2144973901,1967
2016-11-05,42.58545607,776779.1835847233,3009
2016-11-06,40.13448717,900224.1122465268,3679
2016-11-07,20.766906229999996,877196.0079710333,2362
2016-11-08,44.541775480000005,795302.63327218,3467
2016-11-09,14.015178460000001,802402.93612393,1746
2016-11-10,870.38293555,769379.1274499567,7776
2016-11-11,7.71517957,757043.71560861,1430
2016-11-12,167.71279970999998,809709.5650393866,6595
2016-11-13,4.4172961,918808.7158149766,893
2016-11-14,79.37396688,856864.86626467,4147
2016-11-15,20.80780531,864247.16210652,1961
2016-11-16,521.67303389,846812.7351932934,5647
2016-11-17,482.16445707,836787.89551467,3666
2016-11-18,364.26835102,857605.8595709301,5692
2016-11-19,95.53225602999999,882385.0522420034,2376
2016-11-20,100.94642619,907357.3383414467,5098
2016-11-21,8.43888803,1004440.0059001368,1239
2016-11-22,10.46931771,904504.2014331234,1765
2016-11-23,14.930992660000001,824341.8007617834,2856
2016-11-24,59.46676885,852311.7753540868,3363
2016-11-25,9.56969145,859419.8091029067,1862
2016-11-26,585.23528843,757017.17253786,7829
2016-11-27,3.8780473700000004,767428.48651367,922
2016-11-28,894.11632251,803899.3713356899,9214
2016-11-29,6.77481257,808168.7731806766,1613
2016-11-30,23.01903006,841115.1264465101,3660
2016-12-01,65.03303669,857715.2702944301,3910
2016-12-02,55.20495706,816455.2079956033,2949
2016-12-03,79.34269863,878179.1006713299,4299
2016-12-04,33.004788070000004,946661.0611934267,2238
2016-12-05,8.53398115,868225.2664954267,1561
2016-12-06,14.52423074,796079.5601996767,2677
2016-12-07,11.822202919999999,841903.2357340166,2309
2016-12-08,24.631638999999996,878053.28521695,3289
2016-12-09,346.53595701000006,857822.8185897967,4461
2016-12-10,555.1022069400001,874005.8061817301,4842
2016-12-11,531.98000025,906088.45747188,5773
2016-12-12,609.87654195,895497.6798619634,4299
2016-12-13,184.36127052,891276.0189409099,4081
2016-12-14,506.88158634,844690.4981818367,5949
2016-12-15,37.23442701,841414.5314060567,3493
2016-12-16,50.04358009,893449.4572498333,3254
2016-12-17,249.17849539,953235.97458864,3742
2016-12-18,1246.53610485,847485.6355292933,8109
2016-12-19,47.768169029999996,802100.3448453766,3344
2016-12-20,50.78858681,888797.9565884066,3093
2016-12-21,26.804611930000004,934775.6240393267,2047
2016-12-22,45.91999366,884043.6147488767,2470
2016-12-23,63.91350502,860918.3102461366,4143
2016-12-24,24.96908075,876635.7116228467,2266
2016-12-25,47.48517495,881931.3321540434,2913
2016-12-26,135.28658975000002,833014.4946174634,2332
2016-12-27,1107.07467905,754320.85509425,5885
2016-12-28,226.60869719,766956.0800514667,3172
2016-12-29,755.97836034,793093.3683416067,4781
2016-12-30,24.52805697,803814.5671605199,2172
2016-12-31,43.32485721,856337.5616931267,3354
2017-01-01,352.09628197,833817.79613664,4165
2017-01-02,1063.6724872999998,843405.6349176733,5911
2017-01-03,208.54243637,820126.9069087034,3347
2017-01-04,726.75350886,826779.6406420433,6491
2017-01-05,45.22848758,892489.4305905366,3157
2017-01-06,97.75569423,932226.92818515,4374
2017-01-07,11.48228324,882667.30130564,1562
2017-01-08,15.77164133,845758.0878213168,3025
2017-01-09,1304.07257403,847591.9768264933,8230
2017-01-10,6.8562513,811251.3214609068,1115
2017-01-11,348.68059016999996,891629.4096402534,7116
2017-01-12,4.8357793000000004,896410.7286249468,971
2017-01-13,30.46671054,785378.3295371634,4591
2017-01-14,7.4136827400000005,836655.2798317433,1434
2017-01-15,1431.10569163,983775.3220015,8282
2017-01-16,9.24089647,994349.0843797233,1378
2017-01-17,455.95411298,930841.8421667767,7343
2017-01-18,4.8424199,936457.8339214466,1195
2017-01-19,25.829424019999998,940863.9348226666,4401
2017-01-20,6.34131386,930125.0398338434,1258
2017-01-21,1309.95214554,942674.77003176,7506
2017-01-22,5.71116061,983012.2376050266,1320
2017-01-23,196.94817883,940719.75265953,5938
2017-01-24,6.11810788,855699.5603417124,1344
2017-01-25,238.57538019,916657.4150625366,6027
2017-01-26,8.33248377,916419.1885609766,1266
2017-01-27,709.98884952,940138.2786122333,7287
2017-01-28,4.86951167,937726.2074054666,1234
2017-01-29,18.850514620000002,990237.08976083,2832
2017-01-30,452.36530471000003,1085200.6512407367,6252
2017-01-31,12.30507705,1121206.2141162034,1357
2017-02-01,1297.68745744,1209038.1320218768,6755
2017-02-02,10.0906465,1272669.8143476534,1718
2017-02-03,1155.87412643,1343823.19021729,7222
2017-02-04,26.95034627,1533683.81619975,2102
2017-02-05,1134.40714281,1871124.0634730533,6468
2017-02-06,15.28348193,1824541.6321759066,1387
2017-02-07,391.37454984000004,1443872.8100618667,7071
2017-02-08,6.80952821,1473086.3025119333,1826
2017-02-09,596.1668186600001,1644362.5810667165,6420
2017-02-10,6.20187712,1624486.3202514201,1687
2017-02-11,1339.09274096,1663143.2011962635,7133
2017-02-12,7.94604526,1713015.50089352,2131
2017-02-13,1326.0103730500002,1880693.4674704766,6738
2017-02-14,9.33605094,1897290.4737136366,1755
2017-02-15,211.88264948,1722400.30076572,5726
2017-02-16,6.81265978,1590210.8274076332,1813
2017-02-17,77.27964609,1656498.2042368467,4112
2017-02-18,32.635194420000005,1847597.33544425,3605
2017-02-19,15.458897480000001,1951975.4435076297,2448
2017-02-20,23.444256789999997,1804033.4341070333,3649
2017-02-21,23.59328651,1793928.1981473034,3612
2017-02-22,23.92932498,2002982.3586005203,2898
2017-02-23,26.24797058,1834143.132078753,3876
2017-02-24,22.026748159999997,1727784.17522168,3721
2017-02-25,30.28581331,1976865.2263231333,3977
2017-02-26,13.02528062,1839934.70354482,2875
2017-02-27,30.65406446,1766678.5767797602,4120
2017-02-28,15.16092111,1949055.5802301967,2702
2017-03-01,32.60071635,1828551.4148438799,4461
2017-03-02,18.379688039999998,1699055.3164721902,3138
2017-03-03,22.30957857,1673722.40772804,4108
2017-03-04,14.108803989999998,1705664.9227174835,3010
2017-03-05,35.190176040000004,1893241.8432669267,4675
2017-03-06,34.012635239999994,1868448.0248061633,3757
2017-03-07,19.50955919,1694677.1226374833,2633
2017-03-08,24.056224439999998,1802032.1273295402,4109
2017-03-09,31.234950759999997,2059986.9994929668,3462
2017-03-10,29.66432356,1934310.0449223202,4552
2017-03-11,51.99587039,1936183.1921834834,4572
2017-03-12,28.58471389,2046234.1419426266,4092
2017-03-13,27.546155149999997,2306090.0153825865,3910
2017-03-14,22.833628580000003,2296755.8535872633,3568
2017-03-15,28.254908359999998,2189887.795446064,4195
2017-03-16,32.70981914,2195614.2347197603,4731
2017-03-17,23.112512690000003,2455925.6954359035,4180
2017-03-18,25.16125668,2520846.87364771,4271
2017-03-19,29.0072277,2383419.8863813034,4420
2017-03-20,41.62477084,2225486.479256067,5740
2017-03-21,40.26680811,2819074.835411807,6130
2017-03-22,6.52527355,2900713.829654225,2044
2017-03-23,30.59751007,2680224.100143287,4216
2017-03-24,29.98253571,2799584.323889805,4896
2017-03-25,35.33701854,3087479.6014160654,5096
2017-03-26,57.71454024,3191023.54202904,6086
2017-03-27,29.27533726,4107039.3658248694,4062
2017-03-28,26.6320441,4020973.8676381265,3288
2017-03-29,103.62035816,3582195.554767015,5288
2017-03-30,27.983721199999998,3269870.9819997526,2493
2017-03-31,781.58033916,3437352.30162715,6633
2017-04-01,20.07567167,3817697.2003722265,2769
2017-04-02,30.406539120000005,4192889.2492640205,3717
2017-04-03,82.72551196,4111357.5172777534,3865
2017-04-04,253.69185496,4053961.5268157567,4891
2017-04-05,54.03425276,4189991.3649322838,3723
2017-04-06,65.40008821,4395390.3497813,4532
2017-04-07,124.87077500000001,4091237.138695327,3192
2017-04-08,461.03943297,4142010.3433723734,5351
2017-04-09,648.2537539799999,4767732.184171333,5960
2017-04-10,269.5348458,5610376.234135136,3385
2017-04-11,299.45538312,4997640.550947127,3909
2017-04-12,521.53689317,5067254.692765657,5509
2017-04-13,524.06341825,5653858.230749703,5117
2017-04-14,639.76247514,5413077.66241635,4980
2017-04-15,331.27094097,5243323.493776507,4698
2017-04-16,199.49009700000002,5171801.742729173,4264
2017-04-17,490.52990968,4975380.778314893,4869
2017-04-18,428.27076538,5387496.44180753,4954
2017-04-19,346.13282411,5621363.854067127,4920
2017-04-20,172.64698496,5631490.771782,4784
2017-04-21,166.60429536,6103797.908715807,5974
2017-04-22,32.93224009,6556134.286340264,2884
2017-04-23,9.71287671,6477368.50125573,1725
2017-04-24,176.91721209000002,4227336.6301995665,7086
2017-04-25,176.34289059,4167982.4158616504,6600
2017-04-26,88.55747078,7293563.3080397,4577
2017-04-27,30.056877880000002,6949089.2092016125,2673
2017-04-28,236.75560356,5821237.569869913,7401
2017-04-29,326.35532216999997,6097272.056163759,4930
2017-04-30,707.36726547,7043557.344451723,5839
2017-05-01,244.23955630999998,7406285.023133974,4575
2017-05-02,638.21316626,7500444.11043403,5988
2017-05-03,74.16579629000002,7252270.964877888,4904
2017-05-04,104.08324247,7196808.773621357,5268
2017-05-05,59.24000739,7144825.696441003,3933
2017-05-06,104.55255982,6819026.00566714,5765
2017-05-07,137.41396021,7717109.288659063,5341
2017-05-08,105.12474442999999,8199393.751524831,4960
2017-05-09,112.61374492,7825851.045954456,3805
2017-05-10,283.91608809,7193204.88628234,5603
2017-05-11,223.34794633,7188659.21976529,4569
2017-05-12,312.52136203,7609758.193322153,5267
2017-05-13,376.37522246000003,8053158.72735075,5327
2017-05-14,449.23279792,8384176.982080647,5049
2017-05-15,81.68922359999999,8132472.08554742,4554
2017-05-16,47.87799843,7613848.303365084,4784
2017-05-17,21.03075628,6812041.161264666,3851
2017-05-18,19.570724300000002,7575672.85525434,4802
2017-05-19,16.277213109999998,8173959.0191575,3500
2017-05-20,1179.35686843,7573963.177975844,7555
2017-05-21,9.71200121,7190571.04039937,2608
2017-05-22,708.5169245,7046845.466706487,7153
2017-05-23,10.33547531,6986133.545367383,2760
2017-05-24,604.89907402,6620869.3480127705,6838
2017-05-25,10.001937479999999,6295780.8346534865,2718
2017-05-26,870.0109242799999,6437116.401832126,7374
2017-05-27,10.71695605,6702057.779158083,2385
2017-05-28,773.84398103,7223867.996775933,7247
2017-05-29,15.4843373,7636411.657454367,2506
2017-05-30,423.00195457999996,7305114.226496006,6703
2017-05-31,11.73031666,6927149.29719187,2475
2017-06-01,432.04874283,6786375.37464603,6970
2017-06-02,17.245099839999998,7490221.3048023805,3138
2017-06-03,631.3757297699999,8524984.853209987,6906
2017-06-04,14.54733741,7799328.152665046,2663
2017-06-05,760.6896060999999,7357030.143110833,7412
2017-06-06,14.97717891,7467929.104608755,2554
2017-06-07,700.13325739,7212526.933904469,6907
2017-06-08,14.27204053,7365439.74903503,2717
2017-06-09,277.23135654000004,7668079.309187803,7167
2017-06-10,14.566692799999998,7864036.42568509,2761
2017-06-11,228.33604697,8192232.682498994,6705
2017-06-12,14.21137881,8859613.846774617,2834
2017-06-13,248.08181893999998,8923077.874229943,6494
2017-06-14,12.27784282,7907328.795197596,2504
2017-06-15,406.10839097999997,7554947.609096757,7162
2017-06-16,15.595289050000002,7944837.084748067,3140
2017-06-17,615.8411223799999,8946218.569213547,6857
2017-06-18,17.622939629999998,9212809.713521987,3087
2017-06-19,603.4058958400001,8399871.11613735,7229
2017-06-20,15.60409324,7941879.208090827,2561
2017-06-21,720.86599435,8257131.444077813,7453
2017-06-22,14.375336059999999,8689139.893783586,2649
2017-06-23,849.93779724,8336016.655376044,7570
2017-06-24,16.02934888,9115303.008019514,2916
2017-06-25,859.33737728,9296141.411380311,7202
2017-06-26,13.704369060000001,8807859.257555874,2873
2017-06-27,802.02720311,8988997.281425778,7286
2017-06-28,13.90299343,8734767.29453274,3324
2017-06-29,801.63679929,9180203.10872984,7828
2017-06-30,15.219674229999999,10020500.567209126,3113
2017-07-01,75.43141990999999,10787615.941129416,6538
2017-07-02,11.08574589,9822780.239141913,2681
2017-07-03,38.58183056,9300369.995574975,6310
2017-07-04,15.005778150000001,10837694.016659573,3162
2017-07-05,27.54414174,10673058.24322847,4778
2017-07-06,21.06973826,10303159.89842606,4857
2017-07-07,19.46576638,10976331.754702995,4463
2017-07-08,20.632063,11150560.620670276,5224
2017-07-09,15.891069420000001,11003582.339689357,4486
2017-07-10,16.3068285,11156156.170810977,4802
2017-07-11,16.50862944,11867291.290963404,4780
2017-07-12,14.978837519999999,11962889.478295458,4389
2017-07-13,14.10863865,11793286.993359854,4974
2017-07-14,15.449582139999999,12180564.857963694,4229
2017-07-15,12.455156299999999,11015067.836153397,4372
2017-07-16,12.338713239999999,10941491.50772614,6011
2017-07-17,10.01224708,11478505.202410327,5233
2017-07-18,17.26008067,11721307.08633431,5986
2017-07-19,15.62538882,12501955.894848684,6334
2017-07-20,14.87806301,11934916.325318163,5643
2017-07-21,13.94428195,11044625.560633024,5593
2017-07-22,13.260985080000001,11991759.552746482,5128
2017-07-23,12.681240849999998,12652497.645020278,4909
2017-07-24,14.15336988,13071386.550413042,5070
2017-07-25,12.8289159,13346849.597549153,4789
2017-07-26,13.95082194,12866287.63096419,5184
2017-07-27,14.06317225,12826246.457912415,6226
2017-07-28,16.86670205,13069477.03438099,5335
2017-07-29,15.64263561,13360839.507502621,5123
2017-07-30,16.36184825,12283841.87958516,5696
2017-07-31,21.25160276,12634437.354722947,5859
2017-08-01,22.60634649,13225843.462391773,4961
2017-08-02,20.84578714,12786215.251774898,5638
2017-08-03,9.083149729999999,13381161.07885103,4980
2017-08-04,9.19164897,13463222.857533172,5091
2017-08-05,22.406732820000002,13658544.594217552,5645
2017-08-06,34.69651586,14246934.369249284,5132
2017-08-07,16.71276289,13021608.36808615,5737
2017-08-08,18.21745214,12909316.446870299,6185
2017-08-09,23.731130399999998,13585173.754432729,5810
2017-08-10,9.45490156,15062157.60270337,5300
2017-08-11,13.25710253,15114766.13273442,5237
2017-08-12,15.3345174,14713627.105620796,5107
2017-08-13,16.42703571,14125923.23672531,5287
2017-08-14,18.7469162,13770150.779060462,5789
2017-08-15,21.00603548,13795305.261024505,5789
2017-08-16,14.46958819,14897352.229571221,5736
2017-08-17,13.80737504,16088706.094878534,4562
2017-08-18,13.9923808,14067635.929890923,4985
2017-08-19,16.09723522,14417561.520705625,5561
2017-08-20,13.29011524,15474728.40405935,5234
2017-08-21,17.00566147,15919832.99035607,5084
2017-08-22,14.51672065,14665206.694213666,5018
2017-08-23,14.57138912,13912023.575482508,5843
2017-08-24,14.04419688,15272111.13913103,5514
2017-08-25,12.247211620000002,16499796.202942902,4552
2017-08-26,15.22834934,15406874.536314273,5266
2017-08-27,15.35891924,14243455.72710832,6523
2017-08-28,13.75205957,15228033.111605363,5508
2017-08-29,16.09175015,17352538.506829288,5934
2017-08-30,12.9607736,19458207.35858331,4550
2017-08-31,11.31259635,18246135.8836495,5056
2017-09-01,10.82230207,18451547.569901053,5036
2017-09-02,9.60454251,20091030.24210994,3789
2017-09-03,9.76941475,19929165.382777255,3910
2017-09-04,14.461792890000002,20250935.356489684,4321
2017-09-05,9.91010788,21356527.90067444,4024
2017-09-06,8.796990919999999,22003438.03817232,3537
2017-09-07,10.165409799999999,20211968.150122188,4391
2017-09-08,9.32702462,21874908.422743097,3915
2017-09-09,11.14257432,21432092.413153004,3787
2017-09-10,9.11349996,18896423.58642383,3813
2017-09-11,11.40629694,18753952.249636337,4191
2017-09-12,10.128996430000003,19846251.641256128,4127
2017-09-13,10.18713138,21115647.506167665,4175
2017-09-14,10.075569659999998,20543907.382408686,3927
2017-09-15,11.03509389,20028421.21095501,4565
2017-09-16,9.40275347,22277110.089416444,4006
2017-09-17,10.93621547,22562203.230797805,3477
2017-09-18,11.36565512,21681972.12639489,4187
2017-09-19,11.33056576,20103282.731839724,4754
2017-09-20,13.813524410000001,20373692.129170142,5056
2017-09-21,10.00228937,21901594.734805997,4059
2017-09-22,8.888306140000001,21392710.2239139,3579
2017-09-23,10.56258723,19685918.524669435,3982
2017-09-24,9.31737647,19804617.672931913,4258
2017-09-25,10.05593613,22337970.826873373,3694
2017-09-26,10.76949879,22762994.255797416,3915
2017-09-27,10.76527623,22550112.111159667,3713
2017-09-28,11.43904379,20820833.79678483,4142
2017-09-29,6.811386840000001,21632132.655572798,4091
2017-09-30,3.82179313,24120877.75282038,3553
2017-10-01,25.13041549,22966686.488309793,4413
2017-10-02,9.34220458,23713755.88335082,4029
2017-10-03,10.11778889,23049948.709768064,4115
2017-10-04,7.9462521200000005,23008619.245446086,3848
2017-10-05,7.86760459,23525660.28960216,3617
2017-10-06,7.51558056,23429526.982090577,4038
2017-10-07,7.2347622000000005,24969101.263584554,3489
2017-10-08,11.16021893,25218725.87259023,3392
2017-10-09,10.56276661,24735380.082694292,3534
2017-10-10,10.38881417,23095690.998395965,3917
2017-10-11,8.64556276,22369248.761048213,3705
2017-10-12,11.375276750000001,23709736.015156444,5304
2017-10-13,10.15815428,24503090.081272732,4076
2017-10-14,9.74218771,23593256.317833167,3560
2017-10-15,11.207009079999999,23025811.476903025,3588
2017-10-16,9.369961589999999,22087055.24834134,3835
2017-10-17,9.90695395,22999578.460507873,3919
2017-10-18,11.03066368,25771202.682222832,3916
2017-10-19,7.7163238199999995,25878807.169664197,3651
2017-10-20,10.9212092,24261170.3715658,4156
2017-10-21,9.74966951,24578058.100480635,4681
2017-10-22,12.046085730000001,25327325.07326007,3556
2017-10-23,11.002222669999998,25553363.768370453,5596
2017-10-24,11.15091616,27200423.08726706,4620
2017-10-25,8.9350606,26705253.88726769,2199
2017-10-26,8.6828387,23973353.512126032,2701
2017-10-27,6.3001371100000005,23413025.26963679,3195
2017-10-28,5.8861909,25744542.322754096,2991
2017-10-29,15.740269609999999,27225646.396576215,2802
2017-10-30,9.917864980000001,24904832.72534002,5579
2017-10-31,6.4589890400000005,22841592.133761123,3872
2017-11-01,21.210577299999997,24422823.4563283,3662
2017-11-02,9.76099442,25118585.68714713,4658
2017-11-03,8.71647844,24389978.520834316,3487
2017-11-04,7.500033159999999,21785382.32816016,4255
2017-11-05,11.42065675,22425676.688366115,3695
2017-11-06,9.59385337,22828834.865796465,4139
2017-11-07,10.29777263,24460773.334956527,4675
2017-11-08,10.24509848,23869083.483247973,3775
2017-11-09,10.67191106,22689459.44511195,4212
2017-11-10,11.71123794,24744195.573883,4645
2017-11-11,8.98077146,26363997.18150921,3490
2017-11-12,10.063609540000002,24258155.325255465,4057
2017-11-13,12.13243817,21489011.947081268,4593
2017-11-14,7.84887443,21240496.911769867,3876
2017-11-15,9.22868433,21439907.006839752,4149
2017-11-16,9.60410636,22658149.90919839,4362
2017-11-17,10.11190165,25853795.952973958,4114
2017-11-18,7.260825369999999,26268445.425442323,3836
2017-11-19,11.387746589999999,22796489.024730306,4086
2017-11-20,12.2107897,22182750.58392573,4441
2017-11-21,9.59673055,24244057.594547585,3793
2017-11-22,9.35820717,23316976.523401808,4235
2017-11-23,8.39093704,24929579.323487878,3915
2017-11-24,9.579463650000001,25488621.92444832,4099
2017-11-25,14.24009336,26235297.728477716,4034
2017-11-26,10.388228589999999,26254417.306538567,4854
2017-11-27,12.17996667,25982950.36210532,8159
2017-11-28,12.37406736,26314781.648358878,4758
2017-11-29,12.480320970000001,26471898.67990249,5262
2017-11-30,13.77592898,25754871.409577336,4165
2017-12-01,9.2394081,26650484.97014867,3467
2017-12-02,26.502208800000002,27499480.608136684,3432
2017-12-03,9.06394126,25782320.76347341,3238
2017-12-04,10.013045150000002,24016855.863600984,4111
2017-12-05,9.88532615,25800555.621602982,5287
2017-12-06,13.67710159,27256785.850768,4262
2017-12-07,11.09485946,25962053.778954044,4138
2017-12-08,11.10066718,23595147.573057067,4239
2017-12-09,7.90470486,22848956.430261057,4010
2017-12-10,6.5824333799999994,22621197.174372047,4120
2017-12-11,7.28632275,22657070.974106997,4214
2017-12-12,17.720297719999998,22174237.58785075,4652
2017-12-13,12.30977008,24642496.733140513,5315
2017-12-14,9.24776072,29233725.321845975,4174
2017-12-15,11.9899428,27272123.403888837,6261
2017-12-16,10.594913709999998,26322260.326275423,5164
2017-12-17,13.512431889999998,28505585.72556892,4938
2017-12-18,8.07531116,28228473.7634473,3949
2017-12-19,11.72252679,25409187.696132485,5151
2017-12-20,10.22751255,29777056.156737957,4289
2017-12-21,9.85648806,30193774.315774277,4486
2017-12-22,8.3433099,26923888.382816922,4358
2017-12-23,15.37199532,26549651.860344242,4017
2017-12-24,6.67282068,29528742.640055083,4128
2017-12-25,5.69900702,30232271.21380347,4186
2017-12-26,6.16888308,29363181.148817092,4041
2017-12-27,6.7376486799999995,29691477.10706022,4427
2017-12-28,7.436293910000001,28214609.036648024,4729
2017-12-29,6.797744350000001,28331286.903662547,4524
2017-12-30,8.30780181,30059819.376922652,4801
2017-12-31,7.7529783299999995,29017846.29031649,4453
2018-01-01,7.80299676,29240110.131640915,3932
2018-01-02,8.89450772,29013625.980516568,4487
2018-01-03,13.67041292,31729109.062714916,4151
2018-01-04,38.777532570000005,33312048.65956394,4045
2018-01-05,5.98537479,31693008.167729646,3362
2018-01-06,11.28939376,30242250.445191056,3473
2018-01-07,17.42980982,31567094.18538362,4361
2018-01-08,11.05168123,33730877.176106006,5277
2018-01-09,9.22219178,33039333.080324568,3928
2018-01-10,10.016533359999999,31543190.975168195,4284
2018-01-11,9.34378436,33785839.01278934,4278
2018-01-12,8.34953066,32020733.353210762,4467
2018-01-13,10.244831300000001,30352674.16036531,4792
2018-01-14,9.25895483,34462672.47513256,4487
2018-01-15,8.60397321,38205154.01613355,4298
2018-01-16,21.10452034,40166605.10569909,3514
2018-01-17,7.53710627,34078557.99393067,4271
2018-01-18,11.800431569999999,34144743.79438751,4528
2018-01-19,8.71100247,36653160.83645118,4390
2018-01-20,2.7155404300000003,39798597.88451901,3799
2018-01-21,3.3950830400000003,44663264.3022063,3865
2018-01-22,3.1133401899999997,45400264.01632302,3677
2018-01-23,4.59586315,44712379.29442908,3985
2018-01-24,2.7826720099999998,46598093.810958624,4109
2018-01-25,16.48284238,53692022.048621155,4021
2018-01-26,30.188321549999998,52197560.01865405,4069
2018-01-27,33.65021241,49756709.58021023,4545
2018-01-28,14.35215169,58987208.57079413,4005
2018-01-29,11.36038946,58200882.979907066,3859
2018-01-30,24.01262061,53365163.60802402,4766
2018-01-31,18.27124933,61171966.624143414,5304
2018-02-01,23.012514539999998,69481360.23709048,4549
2018-02-02,27.635801880000002,72358102.1067726,4865
2018-02-03,16.04035174,75320034.47950165,4420
2018-02-04,14.947342209999999,82483029.96634531,4155
2018-02-05,13.32143558,87069677.51620622,3795
2018-02-06,17.84356015,79355319.2312332,4264
2018-02-07,24.71877973,82217802.26611549,4242
2018-02-08,10.11003195,93005644.7702166,4033
2018-02-09,13.63575893,91944839.04271263,3886
2018-02-10,13.107046100000002,88925751.55469432,4457
2018-02-11,14.343611840000001,96257069.08247875,3769
2018-02-12,12.69894452,95012133.97849491,4134
2018-02-13,10.78210032,90947081.08188368,4322
2018-02-14,11.547838910000001,100342482.52451496,4380
2018-02-15,17.45538714,109990267.8497747,4163
2018-02-16,12.34456524,103273817.07428248,3788
2018-02-17,13.42435068,102224505.60221152,4210
2018-02-18,12.63281419,104387622.73590386,3859
2018-02-19,8.45871124,104484720.92603742,4117
2018-02-20,16.98689774,103187464.86071761,3775
2018-02-21,10.88201234,97430183.31248705,3933
2018-02-22,10.55595488,101093827.52980411,3935
2018-02-23,11.4070951,107628502.79083519,3754
2018-02-24,7.9837802,108540942.75314029,3783
2018-02-25,14.16276997,106275288.48919879,4015
2018-02-26,7.748708720000001,99657302.46707405,3886
2018-02-27,12.4956216,96514859.8514504,4182
2018-02-28,4.47371624,106370266.64246885,3727
2018-03-01,40.56644659,102502395.68629947,4123
2018-03-02,5.49256365,98942005.3461217,3949
2018-03-03,9.18229549,105643403.86040999,3603
2018-03-04,9.067117790000001,105104929.57121244,3477
2018-03-05,10.55452317,100714352.9858191,4113
2018-03-06,7.40103379,98514192.18054387,3862
2018-03-07,15.07283047,100095340.87991446,3550
2018-03-08,11.068846480000001,97092870.7301263,3573
2018-03-09,12.693438530000002,95873490.32327835,3888
2018-03-10,13.36433134,96481122.27950628,4288
2018-03-11,8.43928085,104116903.1544984,3808
2018-03-12,11.83835959,110797538.9938848,4305
2018-03-13,5.85556711,149423745.06984377,3937
2018-03-14,34.85597243,174834478.37656152,3365
2018-03-15,7.76887651,151382513.28596702,4021
2018-03-16,5.41226487,155039823.62228784,3746
2018-03-17,1.6159669300000001,167462947.9842757,3498
2018-03-18,1.9682103100000001,166106633.07677755,3568
2018-03-19,2.0181374599999997,157490688.64341807,3849
2018-03-20,1.74555726,157801292.6708327,3461
2018-03-21,2.05982195,161928344.80242142,3879
2018-03-22,2.31711266,165487204.78912222,4045
2018-03-23,2.26027033,165118545.6645512,3377
2018-03-24,1.8108261200000002,158317851.7198521,3535
2018-03-25,2.7044284999999997,150395501.77104992,4233
2018-03-26,1.87824281,145366006.90339205,3565
2018-03-27,2.00149574,158567709.02484122,3801
2018-03-28,2.08188993,162889845.64414626,3115
2018-03-29,2.42339246,149600848.47861528,3455
2018-03-30,1.8411232599999998,151889006.57923356,3479
2018-03-31,3.0338846000000004,166318580.29766575,3757
2018-04-01,1.50943854,177052591.3994709,2794
2018-04-02,2.52658965,162544480.28895596,4252
2018-04-03,2.9965220200000005,164397300.84897366,4371
2018-04-04,2.06685331,174097349.43132773,3653
2018-04-05,1.9483022,187627098.72711837,3762
2018-04-06,1.48967876,201404758.2327918,2983
2018-04-07,1.80752464,172875226.53305617,3576
2018-04-08,1.77301458,188378819.08731484,3611
2018-04-09,2.52880751,218017174.77856442,3984
2018-04-10,1.81453565,216441327.37273273,3118
2018-04-11,2.3207176,201376722.40383574,3977
2018-04-12,1.93215576,217639551.1339611,3632
2018-04-13,3.43579244,212225709.542786,4029
2018-04-14,1.6915178100000001,221190657.06176913,3408
2018-04-15,2.0856469900000003,235543084.41408584,3932
2018-04-16,2.19937371,229379729.24881646,3222
2018-04-17,3.9428005200000005,205183092.10623583,4861
2018-04-18,1.89764139,208526475.28774157,3297
2018-04-19,2.11239849,181480099.47989714,3670
2018-04-20,2.08045891,171843224.44301853,4096
2018-04-21,2.0979726000000003,185601276.39904,3535
2018-04-22,2.01275062,226516765.91230464,3780
2018-04-23,2.19804833,239755517.5924569,3554
2018-04-24,2.13161456,220675549.69096467,3774
2018-04-25,3.56818815,222103288.27900445,4812
2018-04-26,2.03146131,235710629.47439992,3253
2018-04-27,2.65832699,214039749.18419638,4527
2018-04-28,2.10662954,252574002.62997505,3815
2018-04-29,1.78865381,295627099.49714583,3270
2018-04-30,3.11476885,296589837.0911593,3714
2018-05-01,1.7984289599999999,275133649.7971655,3544
2018-05-02,2.15107525,272172841.1742384,3902
2018-05-03,2.50645574,302622024.6985781,3941
2018-05-04,3.1837245,322567229.9515268,4060
2018-05-05,2.41252385,315531469.1170427,4168
2018-05-06,1.98122906,333971002.04939747,3736
2018-05-07,2.7750260599999996,351437840.3572743,4532
2018-05-08,2.65559515,383842482.05993056,4057
2018-05-09,2.58726768,373208691.6919867,4016
2018-05-10,2.25921769,402054072.73970526,3863
2018-05-11,2.55467232,474139060.26750296,3724
2018-05-12,1.8609766300000001,461489426.6831716,3114
2018-05-13,2.3927606299999997,449542360.5549125,3802
2018-05-14,3.46893514,493843905.3484749,4578
2018-05-15,3.1146301,531431073.25329036,4134
2018-05-16,2.40792496,543504273.3354286,4068
2018-05-17,2.42541197,587438408.4034256,4079
2018-05-18,2.9726090099999998,613435998.2303096,4079
2018-05-19,2.79785855,629761700.3502408,4355
2018-05-20,2.60380178,660409707.5539063,4214
2018-05-21,3.34915158,688443050.4057513,4296
2018-05-22,2.52697796,645611003.2364401,3931
2018-05-23,2.9807469500000003,629570691.1273525,4625
2018-05-24,3.42966058,722192003.0885941,4095
2018-05-25,2.46852725,795621568.407044,4137
2018-05-26,1.8035185,902230229.7341288,3531
2018-05-27,2.3298666999999997,918073644.5562286,3834
2018-05-28,2.78744768,943568825.4165378,4273
2018-05-29,2.70233309,1074380939.2828429,4118
2018-05-30,2.50809978,1113170776.4527423,3758
2018-05-31,2.6215626400000005,1110802718.9933531,4104
2018-06-01,2.7971188300000005,1133094647.6007602,4298
2018-06-02,2.14264653,1320405136.9504445,4092
2018-06-03,1.85917969,1448508536.3666859,3338
2018-06-04,2.28931871,1474469265.346449,4091
2018-06-05,1.77626343,1463858930.226804,3279
2018-06-06,2.19242823,1430680858.0275543,3991
2018-06-07,2.1684517899999998,1414856752.6691432,3925
2018-06-08,2.5482625199999998,1530272437.4879322,4474
2018-06-09,2.1353821,1696796453.4776013,3747
2018-06-10,1.78716569,1728011689.585645,3468
2018-06-11,2.43526203,1681308711.5784032,4099
2018-06-12,2.39738662,1781215845.498452,4225
2018-06-13,2.94645665,1983633678.712258,3811
2018-06-14,3.68431524,2029267496.8677528,4475
2018-06-15,2.7126523,1996025736.7859354,4233
2018-06-16,2.12534682,1938861281.6176004,3766
2018-06-17,2.4104776899999996,2099628122.419459,4195
2018-06-18,2.30361656,2329667701.4699326,3776
2018-06-19,3.26644504,2160101421.190618,4598
2018-06-20,2.83212562,2215694712.7963495,3965
2018-06-21,2.32312513,2266478518.735494,3822
2018-06-22,3.38207706,2188529672.654158,4308
2018-06-23,2.6417812,2413322805.2427354,3947
2018-06-24,2.23384933,2514120024.6774898,3695
2018-06-25,2.3615343699999998,2396870529.042801,3944
2018-06-26,2.51264024,2336216252.718591,4293
2018-06-27,5.1003224,2618355416.055637,4695
2018-06-28,2.5778479499999998,2922649661.3282404,3576
2018-06-29,2.31879698,2915396539.751327,4053
2018-06-30,2.1202663,3117388473.499762,3381
2018-07-01,2.15852268,2885505453.7327805,3708
2018-07-02,2.5057567400000003,2713576894.9542065,4094
2018-07-03,2.43868509,2822593809.897896,3676
2018-07-04,3.00321085,2921652337.2158747,4625
2018-07-05,2.72205832,3156246619.826481,4075
2018-07-06,3.37971514,3137618186.6689744,5977
2018-07-07,2.1649834400000003,3140533249.642907,3925
2018-07-08,2.14377388,3192852426.699138,3490
2018-07-09,2.68648602,3041941208.899033,4191
2018-07-10,2.3813617,3103832887.512078,3754
2018-07-11,2.2699568599999997,3195410316.861599,3754
2018-07-12,2.31708804,3171643551.738394,3688
2018-07-13,3.6250366699999996,3162520034.416952,4021
2018-07-14,2.2807911899999995,3441915217.9383354,3872
2018-07-15,2.8548694,3670406855.905522,4533
2018-07-16,2.3900152400000003,3548438768.3150787,3972
2018-07-17,3.44843029,3434422091.408599,4786
2018-07-18,2.6570994900000002,3654407869.8763294,4199
2018-07-19,2.6187913800000002,3463414836.011619,4085
2018-07-20,2.7865119799999998,3659183094.7518964,4407
2018-07-21,2.20593778,3717331067.3313794,3729
2018-07-22,2.1028821300000002,3440403860.0987744,3577
2018-07-23,3.10608964,3549421678.324025,4131
2018-07-24,3.7892221299999997,3993794023.083273,4869
2018-07-25,3.0124480899999995,3739361455.150435,4484
2018-07-26,2.79152868,3464108469.065385,4432
2018-07-27,2.71499464,3689840875.063518,4155
2018-07-28,2.7785522000000005,3959963326.4372997,4105
2018-07-29,2.33590289,3871225410.3835526,3899
2018-07-30,2.47041731,3596035305.296194,3967
2018-07-31,2.54012738,3436944115.7669487,4411
2018-08-01,2.93487815,3708123595.060741,4077
2018-08-02,2.83676509,3799098548.1851673,4447
2018-08-03,4.329379370000001,4013433064.008972,4776
2018-08-04,2.43687875,4282258988.7319055,4146
2018-08-05,2.34285063,4440216135.743932,3600
2018-08-06,2.3390383000000003,4322372429.860497,3673
2018-08-07,2.6421373,4058218257.167343,4034
2018-08-08,2.3018898400000003,4246047633.9552655,3643
2018-08-09,2.51370477,4103961124.837206,3931
2018-08-10,2.38976218,4460183615.91299,3961
2018-08-11,2.4252328199999997,4597926678.638833,3726
2018-08-12,2.67848525,4191133956.407016,4276
2018-08-13,2.52663059,3957205244.8853073,4174
2018-08-14,2.6582380000000003,4098995967.426995,4025
2018-08-15,2.56614831,4353615932.794773,4160
2018-08-16,2.37380921,4159779584.210476,3675
2018-08-17,2.76267744,4038529407.6898804,4551
2018-08-18,2.31219458,4582049773.877334,4042
2018-08-19,2.0915244900000003,4856650407.352799,3711
2018-08-20,2.5511500700000003,4871283222.402183,4278
2018-08-21,2.52411253,4890240576.068431,3972
2018-08-22,2.3732156599999996,4648819332.945433,4083
2018-08-23,3.3628487,4887760012.437957,4305
2018-08-24,2.34423637,5401779265.70706,3811
2018-08-25,2.1718726200000003,5234888414.595682,3706
2018-08-26,2.26715729,5001812225.9359,4117
2018-08-27,2.3442466399999997,5088793874.982691,4202
2018-08-28,2.40276299,5251234755.997524,3969
2018-08-29,3.2605072,5378842345.441233,4497
2018-08-30,6.523590019999999,5436326168.087119,4653
2018-08-31,2.41030479,5639776699.473499,4031
2018-09-01,3.02051117,5629846066.988332,3887
2018-09-02,2.3537009799999997,5233789936.742267,3844
2018-09-03,2.42177905,5160679299.756486,4204
2018-09-04,2.72431506,5297760544.070999,4163
2018-09-05,2.63740738,5567989112.655705,3716
2018-09-06,2.40176369,5266711693.241399,3857
2018-09-07,2.11845719,5333802030.523288,3581
2018-09-08,2.0509489199999997,5478175043.644351,3777
2018-09-09,2.42791494,5619294208.650072,4045
2018-09-10,2.82237811,5432173828.41967,4341
2018-09-11,2.5859094199999997,5382408569.868762,4300
2018-09-12,2.36032988,5598371527.583564,3688
2018-09-13,2.73145644,5469864105.621848,4333
2018-09-14,3.48261987,5938335669.074948,3963
2018-09-15,2.13218554,5768391709.455433,3465
2018-09-16,1.8540563200000002,5589657199.006087,3653
2018-09-17,2.63675075,5715316143.943858,4492
2018-09-18,2.3529648,5864069452.810142,3539
2018-09-19,2.3391122699999998,5474323249.525359,3882
2018-09-20,2.22938493,5254472925.0059805,4029
2018-09-21,2.57150632,5349431636.711499,3617
2018-09-22,2.39858655,5109829109.524536,4400
2018-09-23,2.182583,5188696583.691798,3771
2018-09-24,2.4597256,5443493371.847713,4025
2018-09-25,2.04167544,5499364630.486481,3702
2018-09-26,3.9036187699999996,5827201932.003162,4325
2018-09-27,2.27718751,6199443621.670101,3806
2018-09-28,2.84874627,6098095112.364342,4287
2018-09-29,2.11491287,6809666209.168559,3513
2018-09-30,2.09441034,6637276257.875813,3467
2018-10-01,2.65844919,5642336844.747775,4367
2018-10-02,2.40198027,5707635454.5772295,4021
2018-10-03,3.42168762,6470902109.041901,4501
2018-10-04,2.7420602599999997,6969006354.359043,4066
2018-10-05,2.3273592599999997,6834238767.197864,3809
2018-10-06,2.19530717,7136929937.534972,3802
2018-10-07,2.0871808,7573456304.027107,3383
2018-10-08,3.39614795,7211526774.096588,4190
2018-10-09,2.3439199200000003,7184999738.182126,3954
2018-10-10,2.4024991599999996,7429232336.625542,4236
2018-10-11,2.17651948,7780491876.430802,4019
2018-10-12,2.1749664400000004,7980776490.720437,4087
2018-10-13,2.2613865900000003,8408671707.6080885,3919
2018-10-14,2.4160977700000004,8706185297.837652,4203
2018-10-15,2.18701372,9146021290.610018,3921
2018-10-16,2.3339849900000003,9212560353.704933,3861
2018-10-17,2.4942630900000005,8901562582.080881,4283
2018-10-18,3.4468624699999997,9699641037.962877,4140
2018-10-19,2.0985652200000002,10469546742.055027,3666
2018-10-20,2.3307216100000003,9731500909.60405,3985
2018-10-21,2.44317029,9487594090.334486,4012
2018-10-22,2.33153419,9795526625.825142,3941
2018-10-23,5.1870544800000005,9559759486.45717,5514
2018-10-24,4.18232715,9562006577.678322,5517
2018-10-25,2.84712309,10196508127.537077,4689
2018-10-26,2.57707377,10663469674.280142,4010
2018-10-27,2.06808219,10657311583.565332,3719
2018-10-28,2.4680062,10457270115.045227,4039
2018-10-29,2.39896961,10739579513.006617,4141
2018-10-30,2.6303804,10963024838.980705,4380
2018-10-31,2.2735158,11243766945.939022,4043
2018-11-01,3.3321971099999996,11378531471.60259,3891
2018-11-02,2.66657273,10746636245.819872,4303
2018-11-03,2.61743271,10869337725.583313,4132
2018-11-04,2.1008781,11676338578.468403,3568
2018-11-05,2.5558517800000002,11132282214.276579,4281
2018-11-06,2.34957626,10179465609.695864,4079
2018-11-07,2.9598979999999995,10449397578.91298,5739
2018-11-08,2.1723017999999996,12682625221.473282,3935
2018-11-09,2.04114125,12931020837.398048,3485
2018-11-10,2.0560782,11162533764.440527,3507
2018-11-11,2.24656162,9537320702.80664,4127
2018-11-12,2.13430039,10730444426.114695,3558
2018-11-13,3.59268154,11201352588.765833,4436
2018-11-14,2.38810923,11318044055.462004,4030
2018-11-15,2.12519357,11322850868.25648,3847
2018-11-16,2.48009924,12208524699.75952,4689
2018-11-17,1.82742348,13405069387.757797,3540
2018-11-18,2.39325701,12466867680.869308,4471
2018-11-19,2.32636088,12577062658.252775,4074
2018-11-20,2.68714188,11708387222.59349,4597
2018-11-21,2.28885177,11987484368.228104,4256
2018-11-22,1.99796855,11915188634.56408,3620
2018-11-23,2.0491158,11465800697.980087,3945
2018-11-24,1.71281106,11157358367.850527,3528
2018-11-25,2.25022578,10983182031.802145,4159
2018-11-26,2.1690598999999997,11690716383.382063,4140
2018-11-27,1.70112702,11633208951.74188,3254
2018-11-28,2.17034106,9964662084.814606,4064
2018-11-29,2.16283556,9085299915.28366,4375
2018-11-30,2.07250423,10531572072.40863,4472
2018-12-01,3.2242347799999997,12219209747.622915,3851
2018-12-02,1.9359083400000001,12477959101.842936,3935
2018-12-03,3.37620018,12800127466.376497,3831
2018-12-04,3.52144616,12182654533.025007,3959
2018-12-05,1.95073555,11077575503.70535,4004
2018-12-06,1.89493617,10801241846.015078,3919
2018-12-07,1.89515622,11051828237.012053,3944
2018-12-08,1.68498054,11779121522.560003,3881
2018-12-09,1.80444575,12885573744.761703,3388
2018-12-10,2.22498798,12060608508.968084,4142
2018-12-11,2.11114895,11268848270.166382,4101
2018-12-12,1.95486056,10936995964.124193,3862
2018-12-13,1.62363012,10531221648.908422,3526
2018-12-14,2.2895670200000002,9867359784.911692,4211
2018-12-15,1.81876154,9898127767.703194,3913
2018-12-16,1.81507535,9908628120.90618,3614
2018-12-17,3.14569776,9322658177.59804,4277
2018-12-18,2.28171664,9419930735.97659,4325
2018-12-19,2.24941085,10440316947.799929,4261
2018-12-20,2.02893328,11200690355.779083,3981
2018-12-21,1.71979346,11034331114.068024,3388
2018-12-22,1.93047008,10066854351.364468,3472
2018-12-23,2.14307837,9778840617.361212,4040
2018-12-24,1.86378573,10388501851.356958,3708
2018-12-25,1.9215863400000002,10456781291.193987,3922
2018-12-26,1.97753946,9871628282.466278,3996
2018-12-27,1.85354867,9985037271.378975,3916
2018-12-28,2.50811808,10638616883.228823,4390
2018-12-29,1.8108367,10337004201.450605,3258
2018-12-30,2.47563764,9041851292.786112,4616
2018-12-31,2.27884443,10290802807.680384,4334
2019-01-01,1.9566237199999998,12565263012.496147,4122
2019-01-02,1.97725316,13450532769.43279,3809
2019-01-03,2.09454886,11934287075.19255,4188
2019-01-04,2.1159318899999997,11829473838.539602,3915
2019-01-05,1.85258636,12288690240.007235,3819
2019-01-06,2.2261071299999995,13354813447.255905,4140
2019-01-07,1.68265267,14029893432.467846,3405
2019-01-08,2.18347881,13118397243.801676,4099
2019-01-09,1.97879974,14341705872.219435,4362
2019-01-10,1.90621805,15955348159.542717,3238
2019-01-11,2.39225042,13583929702.989523,3793
2019-01-12,1.68627173,11875299621.65582,3648
2019-01-13,1.84762996,12212913994.187592,3906
2019-01-14,2.19012648,13207871177.308731,3839
2019-01-15,2.08578075,14136137685.639982,4214
2019-01-16,3.51394708,14542718074.364822,3755
2019-01-17,2.3160565199999996,14285053529.419136,4452
2019-01-18,1.5724767700000002,14611440991.718327,3196
2019-01-19,2.0021223200000002,13273879494.014494,4051
2019-01-20,1.82072815,15093038981.127407,3813
2019-01-21,1.69674014,17031572687.62181,3661
2019-01-22,2.19312415,17072819778.841513,4252
2019-01-23,1.6569181400000002,16791963294.184303,3642
2019-01-24,1.76685466,17045572127.755203,3755
2019-01-25,1.91222283,17704586534.26526,4034
2019-01-26,1.62617666,18654545462.283382,3402
2019-01-27,1.95627289,17056619364.659332,4024
2019-01-28,2.0524625,15969436449.789408,3963
2019-01-29,1.8457674599999998,15452062018.487686,3617
2019-01-30,1.8231731400000002,15528183245.17478,3994
2019-01-31,1.95250357,17342611916.872475,3866
2019-02-01,1.9948528099999998,16677619846.876831,3698
2019-02-02,1.53555573,15762841931.686134,3772
2019-02-03,1.88589816,17177202325.82384,3991
2019-02-04,1.7991272299999999,18835476498.633133,3990
2019-02-05,3.61389111,18982553477.641953,3480
2019-02-06,1.6611416599999997,18002072587.51213,3844
2019-02-07,1.35227823,17919901421.559696,3779
2019-02-08,1.2270374400000001,18595853252.213013,3672
2019-02-09,1.2710493600000001,19863223226.618793,3712
2019-02-10,1.2625153500000001,20241111999.84425,3899
2019-02-11,1.32952784,22011895926.668453,4608
2019-02-12,0.9303486400000001,24499638547.644367,3466
2019-02-13,1.21475073,22175350122.68394,3387
2019-02-14,1.33907103,21423966046.151173,3692
2019-02-15,1.0064021799999998,22734056538.077045,2992
2019-02-16,1.02339958,23225031441.559788,3429
2019-02-17,1.16842243,24712114278.070118,3345
2019-02-18,1.29822215,23878296779.51613,3840
2019-02-19,1.38012688,22844918551.598526,4832
2019-02-20,4.47590104,22767251024.90521,7632
2019-02-21,1.26735028,21889349681.98444,3308
2019-02-22,1.1438937,21635053426.004017,4057
2019-02-23,0.6360734800000001,26003087668.27982,2979
2019-02-24,1.0445407100000001,25784467285.864956,3443
2019-02-25,1.32247063,23555898725.957977,3212
2019-02-26,1.10647261,22489613820.928772,2883
2019-02-27,0.9489666899999999,19850008626.83501,2982
2019-02-28,1.0567384199999998,16979960450.78901,5241
2019-03-01,1.1874464500000002,20270108732.557777,3858
2019-03-02,0.91775461,22287347016.79956,3656
2019-03-03,1.2134205900000001,21354247688.626846,3628
2019-03-04,1.52977245,21403336357.76202,4076
2019-03-05,1.15443272,20769336700.870525,3853
2019-03-06,0.9320942699999999,21588731317.71706,3677
2019-03-07,1.03233099,20472974775.67201,4302
2019-03-08,0.9590406400000001,21138282013.039722,4054
2019-03-09,0.8341179299999999,23131524835.73708,3680
2019-03-10,0.77859124,23199320277.44882,3500
2019-03-11,0.94024431,19932221240.620598,3579
2019-03-12,1.59667426,18459006629.600716,3979
2019-03-13,1.0779575,20279517563.884182,3496
2019-03-14,0.9808236899999999,21698031550.419746,3934
2019-03-15,0.84401949,24269591184.519665,3498
2019-03-16,0.8746069,23064426664.10862,4219
2019-03-17,1.0597328199999998,21259342329.496346,3883
2019-03-18,0.86696073,22550413256.09683,3849
2019-03-19,3.19977057,23179296730.353687,4085
2019-03-20,0.83836944,23011563176.242153,4101
2019-03-21,0.99154558,24112681361.57868,4097
2019-03-22,0.71729542,29536991968.14751,3206
2019-03-23,0.68081454,29280840933.599514,2990
2019-03-24,0.7251884500000001,27905268993.987366,3099
2019-03-25,0.9529048600000001,27705912666.949024,5148
2019-03-26,1.0266135,29519106328.431683,4440
2019-03-27,0.89311099,30248594038.413284,3711
2019-03-28,0.97474217,31528432137.589725,4199
2019-03-29,0.68299182,33271682601.681423,3340
2019-03-30,0.7249363600000001,29885551827.021374,3472
2019-03-31,0.8588406700000001,28434319438.04364,4012
2019-04-01,0.83605907,27683573185.602417,3883
2019-04-02,1.05725691,26058314114.67348,3937
2019-04-03,1.26674804,28381105137.61024,3976
2019-04-04,0.9887925899999999,28806534072.03448,3292
2019-04-05,0.94185441,26462629610.51471,2950
2019-04-06,1.0077436899999999,25707859275.205456,3941
2019-04-07,0.81931551,29655036823.735165,3605
2019-04-08,1.23705635,27349634594.484394,6233
2019-04-09,0.9038843900000001,25331439297.57626,4214
2019-04-10,0.84688972,29574005765.448517,3961
2019-04-11,0.93256396,32060974547.630184,3338
2019-04-12,0.86572133,30776122596.123783,3007
2019-04-13,0.6241447,32909638161.873386,3293
2019-04-14,0.84448419,33109309949.751648,3271
2019-04-15,0.8980376299999999,31656838286.916912,3446
2019-04-16,0.85087768,31297266832.51025,7098
2019-04-17,0.55713921,31641978388.959145,2777
2019-04-18,0.7738615600000001,26651553195.10249,3357
2019-04-19,0.77606783,23643023571.306866,4361
2019-04-20,2.36819593,30372418453.978195,3652
2019-04-21,0.64999762,34165206970.601654,3209
2019-04-22,0.84043456,33023965095.823925,3526
2019-04-23,0.8156746699999999,31145207309.583954,3526
2019-04-24,1.0223876,30019439790.65003,3683
2019-04-25,1.42748546,32438159510.08902,3899
2019-04-26,0.71958112,35961973769.311005,4111
2019-04-27,0.7230462099999999,35871845005.228935,3818
2019-04-28,0.7572209999999999,35062374423.562904,4018
2019-04-29,0.8835308000000001,32913117552.75174,3608
2019-04-30,0.76140705,34932925103.6821,4065
2019-05-01,0.6919782,36789250254.554436,3238
2019-05-02,0.8363786900000001,33684064255.27757,3792
2019-05-03,0.6746819900000001,32032907112.65152,3840
2019-05-04,0.64788346,35323257762.391525,3631
2019-05-05,0.6841064299999999,35464374113.99851,3763
2019-05-06,0.75883732,35056734352.24231,3954
2019-05-07,0.55437701,34691384523.003136,3247
2019-05-08,0.69506326,32284127428.87946,3676
2019-05-09,0.6166707,32372972110.451298,3856
2019-05-10,0.47922897,36684178796.57269,3432
2019-05-11,0.4823756,34420116211.45468,3212
2019-05-12,0.67703113,33185832656.786457,3869
2019-05-13,0.5092552300000001,33785720680.154648,3892
2019-05-14,0.80281892,32533450260.268375,3996
2019-05-15,0.8044602,29411920023.91658,3823
2019-05-16,0.67500023,28103249666.167683,3944
2019-05-17,0.79787611,30663227881.297886,4095
2019-05-18,0.49302929,32084568196.92931,3407
2019-05-19,0.71983576,30560595067.377888,3781
2019-05-20,0.67142632,28242309344.46988,4136
2019-05-21,0.56470054,28500203789.579487,3820
2019-05-22,0.52727447,30657796801.275547,3774
2019-05-23,0.53292783,31554737567.993694,3529
2019-05-24,2.04077274,31575616274.072376,3620
2019-05-25,0.5026461799999999,31536094181.818897,3460
2019-05-26,0.4830818,34805089540.36998,3730
2019-05-27,0.64102237,36096037976.37057,3709
2019-05-28,0.56396694,32358559696.32072,4122
2019-05-29,0.47995078,31598369963.088013,4028
2019-05-30,0.63886007,34629702359.535286,4182
2019-05-31,0.69406865,32980632695.510647,3690
2019-06-01,0.46953786000000003,32666782007.59905,3573
2019-06-02,0.44433704,35644291240.35424,3383
2019-06-03,0.48865851,36041058338.8917,3323
2019-06-04,0.51502963,34168952230.77434,3369
2019-06-05,1.0211215299999998,32516253473.220047,3439
2019-06-06,0.46231877,32152509478.726116,3984
2019-06-07,0.5792214099999999,34781482570.983925,3721
2019-06-08,0.39658574,33762458898.812057,3388
2019-06-09,0.60504743,31398850875.328873,3909
2019-06-10,0.5288712799999999,32775873614.738827,4228
2019-06-11,0.5079824,32263662984.33478,3548
2019-06-12,0.53212467,30117067756.0943,3888
2019-06-13,0.51820559,31989036285.44333,3478
2019-06-14,0.66764099,30505324484.351543,3580
2019-06-15,0.5935578,30856883155.790646,3956
2019-06-16,0.6025628,33834589435.521343,3636
2019-06-17,1.65883725,33559741562.247467,4062
2019-06-18,0.7020495200000001,33476339257.61204,3977
2019-06-19,0.5214817199999999,33503551526.665775,3837
2019-06-20,0.55304431,34178038196.334198,3496
2019-06-21,0.62902141,32125608807.34621,3365
2019-06-22,0.6739419999999999,28847528468.479713,3743
2019-06-23,0.6712819,29820056825.52798,4177
2019-06-24,0.77563853,32969012456.69115,4182
2019-06-25,0.62743043,33899567356.199036,3655
2019-06-26,0.85808269,31386327637.500076,4028
2019-06-27,0.74089959,30992589203.21096,4370
2019-06-28,0.40018592,34376442331.31588,3319
2019-06-29,0.60172052,33752711411.224087,3882
2019-06-30,0.5911621,34393948076.870026,4152
2019-07-01,0.49644419000000006,35426834025.11669,4104
2019-07-02,0.6300839,35464795048.78226,3837
2019-07-03,0.6224206,33731283304.44417,3878
2019-07-04,0.9216181700000001,33702668429.613064,3954
2019-07-05,0.29256708,36016929707.24634,2656
2019-07-06,0.32665026999999996,31825548424.20552,3455
2019-07-07,0.33240758,31759188524.617603,3564
2019-07-08,0.52968194,34207594151.109547,4048
2019-07-09,0.41343795,35280010096.28863,3469
2019-07-10,0.48174271,32397889581.582092,3653
2019-07-11,0.39515465000000005,34578990602.916466,3776
2019-07-12,0.36787115000000004,36797132984.97169,3303
2019-07-13,0.2695612,35695150557.30181,3389
2019-07-14,0.35832929,36095719492.821266,3493
2019-07-15,0.37569401,35917099092.377174,4012
2019-07-16,0.45984911,35790003814.97728,3742
2019-07-17,0.38111176,34264249892.67897,3558
2019-07-18,0.42916354,34898644028.27387,3767
2019-07-19,1.71584836,36560565452.61959,3752
2019-07-20,0.33817175,35991109945.28498,3161
2019-07-21,0.31791533,36626734894.29999,3480
2019-07-22,0.32290206,36220839952.60961,3615
2019-07-23,0.39385865,39217248874.87012,3925
2019-07-24,0.59027644,41444115485.43783,3458
2019-07-25,0.33028774,39413047778.01339,3363
2019-07-26,0.29715128999999996,34973149162.07863,3266
2019-07-27,0.36460101,32641298234.39444,3681
2019-07-28,0.31600918,36204289594.865486,3362
2019-07-29,0.29818344,38081054468.49552,3737
2019-07-30,1.06322143,36141784272.17155,3519
2019-07-31,0.38330392999999996,34518793501.813835,3968
2019-08-01,0.33710408000000003,34432625553.36775,3693
2019-08-02,0.5110464699999999,33159451426.728638,3832
2019-08-03,0.34274271,36675436371.787895,3408
2019-08-04,0.26413137999999997,37944771517.638535,3201
2019-08-05,0.44025988,35035022356.6914,4075
2019-08-06,0.58725435,36298067698.29542,3724
2019-08-07,0.46760704999999997,34909047935.09943,3055
2019-08-08,0.6221106999999999,31663371249.35536,3720
2019-08-09,0.43051368,31475728615.492188,3317
2019-08-10,0.39568639,30690557360.047344,3282
2019-08-11,0.45444282,30943581834.6705,3415
2019-08-12,0.36710101,31017715962.85097,3799
2019-08-13,0.44055857,30311162059.733704,4273
2019-08-14,0.45396582,30866073030.272934,3541
2019-08-15,0.71985714,31923211142.06415,3699
2019-08-16,0.4542776700000001,37016731980.667885,3789
2019-08-17,0.4893629,38042677032.938286,3172
2019-08-18,0.26743099000000004,36879540391.31404,3112
2019-08-19,0.33027309,35306332673.865326,3192
2019-08-20,0.40120910000000004,35555806193.41266,3957
2019-08-21,0.32979184,37160376791.32123,3236
2019-08-22,0.37505257,35074827710.27294,3409
2019-08-23,0.39529564999999994,33685227510.100357,3950
2019-08-24,0.4698059,37581676221.3901,3580
2019-08-25,0.34543996,39684160302.1026,3726
2019-08-26,0.29198533,39276277373.28415,3607
2019-08-27,1.7804267200000001,37043084884.420525,3386
2019-08-28,0.45449822000000006,34804800563.37548,3915
2019-08-29,0.9008255,37050851806.04218,3896
2019-08-30,0.84041431,36116992235.35127,3630
2019-08-31,0.51275134,36021775823.04315,3418
2019-09-01,0.63182636,39608200164.48313,3359
2019-09-02,0.49868087000000005,39105614983.04781,3548
2019-09-03,0.6622582,37423461377.37116,3650
2019-09-04,0.6052829,37598722655.73504,3940
2019-09-05,0.47878294,39735714326.53267,3431
2019-09-06,0.65155496,36394801529.44938,4050
2019-09-07,0.58855963,37525349522.221504,3583
2019-09-08,0.65322937,38402135728.924805,3532
2019-09-09,0.6458472,35321195142.76285,3777
2019-09-10,0.62364295,37798879175.1225,3909
2019-09-11,0.57949829,38848674888.20113,3569
2019-09-12,0.54784352,37810983130.91089,3837
2019-09-13,0.6611674599999999,35973801574.44837,3371
2019-09-14,0.43013717000000007,34796942613.519424,3317
2019-09-15,0.28816871999999993,37459376322.82061,3170
2019-09-16,0.65546778,37634809697.85462,4213
2019-09-17,0.50286916,39857404586.48304,3758
2019-09-18,0.48947017,41655788658.5311,3352
2019-09-19,1.19095109,38621580226.52689,4376
2019-09-20,0.66714191,37561122813.36775,3483
2019-09-21,0.5750433699999999,34269694662.057915,3815
2019-09-22,0.540286,37859184810.19493,3455
2019-09-23,0.6407414,39562725061.33564,3451
2019-09-24,0.68728484,36780397119.998856,3674
2019-09-25,0.56390103,37275435939.01979,3487
2019-09-26,1.01859568,35200361924.09446,3908
2019-09-27,0.6904421700000001,34131692410.872646,3649
2019-09-28,0.6103719599999999,35010004502.179375,3708
2019-09-29,0.58643594,36507488731.96804,4048
2019-09-30,0.64599439,36928614782.886116,3747
2019-10-01,0.7058967,34986268934.61686,4473
2019-10-02,1.9682708999999998,36154102497.19132,3861
2019-10-03,0.61039742,35214239572.11118,4148
2019-10-04,0.59246963,38813594349.116264,3766
2019-10-05,0.84431904,38232430359.70312,3581
2019-10-06,0.5742573200000001,37689336453.29473,3324
2019-10-07,0.73276108,37148698696.505066,4154
2019-10-08,0.584041,39420849463.942825,4039
2019-10-09,0.7117396500000001,38070256834.636055,3354
2019-10-10,0.59185884,33700872543.965546,3728
2019-10-11,0.69919493,32303610571.425323,3820
2019-10-12,0.58282042,32831654965.79646,3438
2019-10-13,0.68057906,33306162325.273026,3851
2019-10-14,0.59529237,34453575350.70669,3500
2019-10-15,2.87695999,33781668681.028164,3425
2019-10-16,0.84134711,33691805553.936646,3647
2019-10-17,0.56252872,36265211584.91018,3236
2019-10-18,0.70092476,31810879956.03299,3554
2019-10-19,0.47796161,29148637304.580875,3899
2019-10-20,0.7235594700000001,31455459344.807873,3687
2019-10-21,0.8582502299999999,31874302172.97585,3929
2019-10-22,0.7130427,28018249008.948154,3874
2019-10-23,0.57168468,28630363736.710785,3909
2019-10-24,0.61360769,31301816578.148914,3718
2019-10-25,0.61944868,29866100256.64746,3552
2019-10-26,0.7475542900000001,27145025649.95139,3409
2019-10-27,0.74174323,26749046822.61614,3458
2019-10-28,0.70932095,27352569090.139484,3876
2019-10-29,0.75555517,29483500628.5204,3400
2019-10-30,0.42034033000000004,31082208764.505177,3071
2019-10-31,1.45896018,30409835771.974277,4449
2019-11-01,1.22142308,31230619456.897556,3373
2019-11-02,0.98450292,30120870432.116856,3902
2019-11-03,1.26619338,29205926313.842976,4569
2019-11-04,1.09234988,30078121362.45273,4203
2019-11-05,1.15908312,30044003374.76451,3996
2019-11-06,0.96573686,29833399129.137897,3181
2019-11-07,2.0042801,28748578934.000977,4011
2019-11-08,1.08042147,28063008567.972977,4056
2019-11-09,0.7778624,28582741988.56255,3498
2019-11-10,0.8004687,30185770536.09001,3134
2019-11-11,1.1478261600000002,29400294411.29668,3621
2019-11-12,1.62686741,28766271452.63591,3603
2019-11-13,0.84028621,28081181885.175537,3152
2019-11-14,0.94422987,28060753712.026306,3733
2019-11-15,1.67299929,29358605306.743397,4210
2019-11-16,1.49405958,28065728174.072758,4410
2019-11-17,1.0732937200000001,29481672885.594162,3920
2019-11-18,4.34917262,27241464054.88358,4167
2019-11-19,1.1286485,27363430817.920948,3745
2019-11-20,1.10790072,29828153304.802677,3526
2019-11-21,1.42085627,28611804302.11389,4161
2019-11-22,1.3607510299999999,30889777499.32936,3520
2019-11-23,1.10708117,32033531910.673817,3358
2019-11-24,1.08356513,31463024579.673325,3927
2019-11-25,1.1164139199999998,32371553039.040844,3292
2019-11-26,0.9295018100000001,31419475190.78127,2903
2019-11-27,1.6277287,30854339970.648113,3123
2019-11-28,1.19727511,30540908005.6709,3160
2019-11-29,0.97140284,30344073894.42384,3368
2019-11-30,1.07469807,30660564785.46164,3515
2019-12-01,0.89263355,29094437717.594654,3433
2019-12-02,0.63632838,28980474524.896057,3361
2019-12-03,1.14167511,29608323576.41449,3311
2019-12-04,1.53018645,27591706822.392548,4446
2019-12-05,1.1198794300000001,27964140084.674465,4401
2019-12-06,1.23821699,29168253664.72006,4475
2019-12-07,1.08144466,29955671981.215267,4486
2019-12-08,1.05727562,31485186395.857227,3672
2019-12-09,0.94424344,33855368045.250774,3214
2019-12-10,0.8674748400000001,31127403366.54427,2919
2019-12-11,0.86417482,28843390177.82609,3122
2019-12-12,0.88529735,30722982018.046642,2960
2019-12-13,1.09347296,29941059371.692,2990
2019-12-14,0.99407373,29200505595.95764,3157
2019-12-15,0.64183974,30168506661.330296,2791
2019-12-16,1.29150625,28897371703.6662,4025
2019-12-17,1.5948549,25625227356.47435,4934
2019-12-18,3.6550699300000002,24685576990.014862,4478
2019-12-19,1.21271475,26267675973.570312,3605
2019-12-20,1.18589389,26259864290.604324,3212
2019-12-21,1.0763906,23173936776.926395,3364
2019-12-22,0.62848591,22877061463.252293,2472
2019-12-23,1.22546746,22204832621.11331,4584
2019-12-24,0.9552212299999999,24859387175.395416,3713
2019-12-25,0.7740726499999999,25728160193.70805,3683
2019-12-26,0.79757562,25756880438.512573,3469
2019-12-27,0.9914477899999999,26304337922.731113,3932
2019-12-28,0.96352623,26725282505.572285,3677
2019-12-29,0.9625846,26501787647.405823,3613
2019-12-30,1.0668499299999998,25144497004.646084,3420
2019-12-31,0.8453510100000001,26318109131.422527,3623
2020-01-01,0.89904067,29146760585.221634,3433
2020-01-02,0.89648118,28733890365.461697,3556
2020-01-03,1.06661706,28228187149.365276,4073
2020-01-04,0.9671884100000001,27096523655.55161,3623
2020-01-05,1.08795109,27234470238.143238,3963
2020-01-06,1.06067343,27823616477.46816,3445
2020-01-07,0.8681596800000001,27813003291.687893,3683
2020-01-08,0.9134560899999999,29714649266.66626,3676
2020-01-09,0.7955048,29658068418.453247,3740
2020-01-10,0.98226708,29186418346.756207,3150
2020-01-11,1.1015876599999999,27401041423.219223,3554
2020-01-12,0.6950923,28886051403.610058,3342
2020-01-13,0.73700955,32960694259.99258,3432
2020-01-14,1.05841118,32361907556.968784,3987
2020-01-15,0.8296541,29346646824.51067,3352
2020-01-16,4.443368390000001,27779206594.625,4102
2020-01-17,1.2928050199999999,26955803169.42248,4125
2020-01-18,1.02964266,25837498448.063385,3777
2020-01-19,1.1156378,26275914003.019806,4013
2020-01-20,1.05543707,28750542296.645893,3509
2020-01-21,0.90840797,27523422828.911053,3439
2020-01-22,0.7201008799999999,28308010916.220997,3668
2020-01-23,0.51495811,31326429917.91577,3056
2020-01-24,1.1455915399999999,29145825584.28841,3797
2020-01-25,0.8144547599999999,28773090226.08954,3446
2020-01-26,0.96139446,27233148267.6667,3949
2020-01-27,1.0045808299999999,29508352808.9613,3588
2020-01-28,0.9470087500000001,31513323180.81865,3845
2020-01-29,0.99457481,27534519908.11087,3525
2020-01-30,1.25487701,25903093788.81316,3932
2020-01-31,0.91182244,27148127791.499176,3472
2020-02-01,0.97504862,28946563870.286633,3725
2020-02-02,0.89038949,29694213791.931885,3055
2020-02-03,1.03097138,25422383112.528763,3863
2020-02-04,1.15458618,26171651599.247265,3668
2020-02-05,1.32806414,28524082945.420624,3680
2020-02-06,0.9717393400000001,29270039576.597515,3339
2020-02-07,1.66369319,27453711893.832497,3178
2020-02-08,1.4562630300000001,23450098429.013466,3782
2020-02-09,1.49295972,27755064204.21294,3920
2020-02-10,1.27664284,32309537199.070774,3478
2020-02-11,1.46378898,29549242232.15829,3177
2020-02-12,3.57346536,25543672737.426838,3744
2020-02-13,1.60334052,25327235990.07655,3456
2020-02-14,1.29322896,25962891460.294098,3281
2020-02-15,1.08040631,23299714205.890343,3292
2020-02-16,1.37916541,22584381158.40761,3661
2020-02-17,1.1959459000000001,24355017174.02977,3667
2020-02-18,1.24979812,24677682781.279354,3670
2020-02-19,0.78883193,23623546879.77879,3595
2020-02-20,0.52519898,23271896876.703037,2763
2020-02-21,0.91777136,22448804492.053856,3472
2020-02-22,1.4648855799999998,23852374526.94401,4155
2020-02-23,2.01767787,24590004326.95573,3921
2020-02-24,1.69998456,25598020192.28628,3889
2020-02-25,1.58127744,22945253819.99816,3888
2020-02-26,1.93235064,21663357183.97147,3513
2020-02-27,1.00957757,22213529095.722904,3284
2020-02-28,1.43666417,25667502841.246613,3284
2020-02-29,1.33687804,25762448619.898926,2926
2020-03-01,1.11117242,25306490920.157795,3231
2020-03-02,1.1845149400000001,25025795012.38907,3491
2020-03-03,1.15673461,23023457955.69216,2801
2020-03-04,1.2859749,21844018713.468445,3159
2020-03-05,1.11970424,23338404705.75885,2978
2020-03-06,0.89635352,22570696113.95168,2929
2020-03-07,1.02955869,23380457101.64086,3441
2020-03-08,1.21684595,28181454543.36174,3522
2020-03-09,1.90606935,29968075445.547485,4765
2020-03-10,1.22191575,30159432354.894215,3510
2020-03-11,1.2189416000000002,29402258003.42992,3813
2020-03-12,1.21151912,28715857737.555553,3457
2020-03-13,1.24247695,26941332379.535786,2992
2020-03-14,1.39983106,26470756199.08051,3362
2020-03-15,1.14582823,29965887971.605495,3113
2020-03-16,4.23649348,28914879599.722885,2937
2020-03-17,1.24605688,26602051544.951706,3430
2020-03-18,1.24023292,27782333085.41978,3591
2020-03-19,1.62374009,30427100197.44272,4099
2020-03-20,1.51574342,29874836647.157436,3133
2020-03-21,1.02120806,27085624118.879612,3051
